1.006658458709716797e+01
1.006658458709716797e+01
1.006658458709716797e+01
1.006658458709716797e+01
1.006658458709716797e+01
1.006658458709716797e+01
1.006658458709716797e+01
1.006658458709716797e+01
1.006658458709716797e+01
1.006658458709716797e+01
1.006658458709716797e+01
1.006658458709716797e+01
1.006658458709716797e+01
1.006658458709716797e+01
1.006658458709716797e+01
1.006658458709716797e+01
1.006658458709716797e+01
1.006658363342285156e+01
1.006658458709716797e+01
1.006658458709716797e+01
1.006658458709716797e+01
1.006658458709716797e+01
1.006658458709716797e+01
1.006658458709716797e+01
1.006658363342285156e+01
1.006658458709716797e+01
1.006658458709716797e+01
1.006658458709716797e+01
1.006658458709716797e+01
1.006658458709716797e+01
1.006658458709716797e+01
1.006658458709716797e+01
1.006658458709716797e+01
1.006658363342285156e+01
1.006658458709716797e+01
1.006658458709716797e+01
1.006658363342285156e+01
1.006658458709716797e+01
1.006658458709716797e+01
1.006658458709716797e+01
1.006658458709716797e+01
1.006658458709716797e+01
1.006658458709716797e+01
1.006658458709716797e+01
1.006658458709716797e+01
1.006658458709716797e+01
1.006658458709716797e+01
1.006658458709716797e+01
1.006658458709716797e+01
1.006658458709716797e+01
1.006658458709716797e+01
1.006658458709716797e+01
1.006658458709716797e+01
1.006658458709716797e+01
1.006658458709716797e+01
1.006658458709716797e+01
1.006658458709716797e+01
1.006658458709716797e+01
1.006658458709716797e+01
1.006658458709716797e+01
1.006658458709716797e+01
1.006658363342285156e+01
1.006658363342285156e+01
1.006658458709716797e+01
1.006658458709716797e+01
1.006658458709716797e+01
1.006658458709716797e+01
1.006658458709716797e+01
1.006658458709716797e+01
1.006658458709716797e+01
1.006658458709716797e+01
1.006658458709716797e+01
1.006658458709716797e+01
1.006658363342285156e+01
1.006658363342285156e+01
1.006658458709716797e+01
1.006658458709716797e+01
1.006658458709716797e+01
1.006658458709716797e+01
1.006658458709716797e+01
1.006658458709716797e+01
1.006658458709716797e+01
1.006658458709716797e+01
1.006658458709716797e+01
1.006658458709716797e+01
1.006658458709716797e+01
1.006658458709716797e+01
1.006658458709716797e+01
1.006658458709716797e+01
1.006658458709716797e+01
1.006658649444580078e+01
1.006658458709716797e+01
1.006658554077148438e+01
1.006658554077148438e+01
1.006658554077148438e+01
1.006658744812011719e+01
1.006658649444580078e+01
1.006658458709716797e+01
1.006658554077148438e+01
1.006658458709716797e+01
1.006658458709716797e+01
1.006658554077148438e+01
1.006658554077148438e+01
1.006658554077148438e+01
1.006658554077148438e+01
1.006658554077148438e+01
1.006658554077148438e+01
1.006658458709716797e+01
1.006658554077148438e+01
1.006658554077148438e+01
1.006658458709716797e+01
1.006658554077148438e+01
1.006658554077148438e+01
1.006658554077148438e+01
1.006658458709716797e+01
1.006658554077148438e+01
1.006658554077148438e+01
1.006658554077148438e+01
1.006658554077148438e+01
1.006658554077148438e+01
1.006658554077148438e+01
1.006658554077148438e+01
1.006658554077148438e+01
1.006658458709716797e+01
1.006658554077148438e+01
1.006658554077148438e+01
1.006658554077148438e+01
1.006658554077148438e+01
1.006658554077148438e+01
1.006658554077148438e+01
1.006658554077148438e+01
1.006658554077148438e+01
1.006658458709716797e+01
1.006658554077148438e+01
1.006658458709716797e+01
1.006658458709716797e+01
1.006658554077148438e+01
1.006658554077148438e+01
1.006658554077148438e+01
1.006658554077148438e+01
1.006658458709716797e+01
1.006658554077148438e+01
1.006658554077148438e+01
1.006658554077148438e+01
1.006658554077148438e+01
1.006658458709716797e+01
1.006658554077148438e+01
1.006658554077148438e+01
1.006658554077148438e+01
1.006658458709716797e+01
1.006658554077148438e+01
1.006658554077148438e+01
1.006658458709716797e+01
1.006658458709716797e+01
1.006658458709716797e+01
1.006658458709716797e+01
1.006658458709716797e+01
1.006658554077148438e+01
1.006658458709716797e+01
1.006658554077148438e+01
1.006658458709716797e+01
1.006658554077148438e+01
1.006658554077148438e+01
1.006658458709716797e+01
1.006658554077148438e+01
1.006658554077148438e+01
1.006658458709716797e+01
1.006658554077148438e+01
1.006658554077148438e+01
1.006658554077148438e+01
1.006658458709716797e+01
1.006658554077148438e+01
1.006658554077148438e+01
1.006658554077148438e+01
1.006658458709716797e+01
1.006658554077148438e+01
1.006658554077148438e+01
1.006658554077148438e+01
1.006658458709716797e+01
1.006658554077148438e+01
1.006658554077148438e+01
1.006658554077148438e+01
1.006658554077148438e+01
1.006658554077148438e+01
1.006658649444580078e+01
1.006658554077148438e+01
1.006658649444580078e+01
1.006658554077148438e+01
1.006658458709716797e+01
1.006658554077148438e+01
1.006658554077148438e+01
1.006658554077148438e+01
1.006658554077148438e+01
1.006658554077148438e+01
1.006658649444580078e+01
1.006658458709716797e+01
1.006658554077148438e+01
1.006658554077148438e+01
1.006658554077148438e+01
1.006658554077148438e+01
1.006658554077148438e+01
1.006658554077148438e+01
1.006658554077148438e+01
1.006658554077148438e+01
1.006658554077148438e+01
1.006658649444580078e+01
1.006658554077148438e+01
1.006658554077148438e+01
1.006658554077148438e+01
1.006658554077148438e+01
1.006658554077148438e+01
1.006658554077148438e+01
1.006658554077148438e+01
1.006658554077148438e+01
1.006658554077148438e+01
1.006658554077148438e+01
1.006658554077148438e+01
1.006658554077148438e+01
1.006658554077148438e+01
1.006658649444580078e+01
1.006658554077148438e+01
1.006658554077148438e+01
1.006658554077148438e+01
1.006658554077148438e+01
1.006658554077148438e+01
1.006658554077148438e+01
1.006658554077148438e+01
1.006658554077148438e+01
1.006658554077148438e+01
1.006658554077148438e+01
1.006658554077148438e+01
1.006658554077148438e+01
1.006658554077148438e+01
1.006658554077148438e+01
1.006658554077148438e+01
1.006658554077148438e+01
1.006658554077148438e+01
1.006658554077148438e+01
1.006658554077148438e+01
1.006658554077148438e+01
1.006658554077148438e+01
1.006658554077148438e+01
1.006658554077148438e+01
1.006658554077148438e+01
1.006658554077148438e+01
1.006658458709716797e+01
1.006658554077148438e+01
1.006658554077148438e+01
1.006658458709716797e+01
1.006658554077148438e+01
1.006658554077148438e+01
1.006658554077148438e+01
1.006658554077148438e+01
1.006658554077148438e+01
1.006658554077148438e+01
1.006658554077148438e+01
1.006658458709716797e+01
1.006658554077148438e+01
1.006658554077148438e+01
1.006658554077148438e+01
1.006658554077148438e+01
1.006658554077148438e+01
1.006658554077148438e+01
1.006658554077148438e+01
1.006658458709716797e+01
1.006658554077148438e+01
1.006658554077148438e+01
1.006658554077148438e+01
1.006658554077148438e+01
1.006658554077148438e+01
1.006658554077148438e+01
1.006658649444580078e+01
1.006658554077148438e+01
1.006658554077148438e+01
1.006658649444580078e+01
1.006658554077148438e+01
1.006659412384033203e+01
1.006658554077148438e+01
1.006658935546875000e+01
1.006658554077148438e+01
1.006658554077148438e+01
1.006658744812011719e+01
1.006658554077148438e+01
1.006658744812011719e+01
1.006658744812011719e+01
1.006658744812011719e+01
1.006658649444580078e+01
1.006658649444580078e+01
1.006658649444580078e+01
1.006658649444580078e+01
1.006658649444580078e+01
1.006658554077148438e+01
1.006658554077148438e+01
1.006658554077148438e+01
1.006658554077148438e+01
1.006658649444580078e+01
1.006658554077148438e+01
1.006658554077148438e+01
1.006658744812011719e+01
1.006658744812011719e+01
1.006658554077148438e+01
1.006658554077148438e+01
1.006658649444580078e+01
1.006658554077148438e+01
1.006658744812011719e+01
1.006658554077148438e+01
1.006658744812011719e+01
1.006658554077148438e+01
1.006658649444580078e+01
1.006658649444580078e+01
1.006658554077148438e+01
1.006658744812011719e+01
1.006658744812011719e+01
1.006658744812011719e+01
1.006658744812011719e+01
1.006658744812011719e+01
1.006658649444580078e+01
1.006658649444580078e+01
1.006658649444580078e+01
1.006658554077148438e+01
1.006658840179443359e+01
1.006658649444580078e+01
1.006658649444580078e+01
1.006658649444580078e+01
1.006658554077148438e+01
1.006658649444580078e+01
1.006658649444580078e+01
1.006658649444580078e+01
1.006658649444580078e+01
1.006658554077148438e+01
1.006658554077148438e+01
1.006658649444580078e+01
1.006658649444580078e+01
1.006658554077148438e+01
1.006658744812011719e+01
1.006658554077148438e+01
1.006658554077148438e+01
1.006658554077148438e+01
1.006658554077148438e+01
1.006658554077148438e+01
1.006658649444580078e+01
1.006658554077148438e+01
1.006658554077148438e+01
1.006658554077148438e+01
1.006658554077148438e+01
1.006658554077148438e+01
1.006658744812011719e+01
1.006658554077148438e+01
1.006658554077148438e+01
1.006658554077148438e+01
1.006658554077148438e+01
1.006658649444580078e+01
1.006658649444580078e+01
1.006658649444580078e+01
1.006658554077148438e+01
1.006658554077148438e+01
1.006658554077148438e+01
1.006658554077148438e+01
1.006658554077148438e+01
1.006658554077148438e+01
1.006659793853759766e+01
1.006660079956054688e+01
1.006659889221191406e+01
1.006660461425781250e+01
1.006659889221191406e+01
1.006659317016601562e+01
1.006659412384033203e+01
1.006659507751464844e+01
1.006659698486328125e+01
1.006659412384033203e+01
1.006659317016601562e+01
1.006659603118896484e+01
1.006660079956054688e+01
1.006660366058349609e+01
1.006660556793212891e+01
1.006659221649169922e+01
1.006661891937255859e+01
1.006661796569824219e+01
1.006659889221191406e+01
1.006659507751464844e+01
1.006659030914306641e+01
1.006659221649169922e+01
1.006659793853759766e+01
1.006659507751464844e+01
1.006662464141845703e+01
1.006660556793212891e+01
1.006659698486328125e+01
1.006659317016601562e+01
1.006659412384033203e+01
1.006660175323486328e+01
1.006659603118896484e+01
1.006659889221191406e+01
1.006665515899658203e+01
1.006659221649169922e+01
1.006658935546875000e+01
1.006660652160644531e+01
1.006659698486328125e+01
1.006661224365234375e+01
1.006659317016601562e+01
1.006660556793212891e+01
1.006660366058349609e+01
1.006660366058349609e+01
1.006660556793212891e+01
1.006659507751464844e+01
1.006659412384033203e+01
1.006661128997802734e+01
1.006659317016601562e+01
1.006659603118896484e+01
1.006663513183593750e+01
1.006659793853759766e+01
1.006659793853759766e+01
1.006660938262939453e+01
1.006659984588623047e+01
1.006659507751464844e+01
1.006660652160644531e+01
1.006661891937255859e+01
1.006660366058349609e+01
1.006659889221191406e+01
1.006660270690917969e+01
1.006659317016601562e+01
1.006660270690917969e+01
1.006659793853759766e+01
1.006659889221191406e+01
1.006659030914306641e+01
1.006659412384033203e+01
1.006659030914306641e+01
1.006659030914306641e+01
1.006658935546875000e+01
1.006659889221191406e+01
1.006659221649169922e+01
1.006660652160644531e+01
1.006659030914306641e+01
1.006659317016601562e+01
1.006659507751464844e+01
1.006659317016601562e+01
1.006659412384033203e+01
1.006660842895507812e+01
1.006659221649169922e+01
1.006659221649169922e+01
1.006659221649169922e+01
1.006659698486328125e+01
1.006659984588623047e+01
1.006659793853759766e+01
1.006659221649169922e+01
1.006659221649169922e+01
1.006659412384033203e+01
1.006659412384033203e+01
1.006659507751464844e+01
1.006659030914306641e+01
1.006661987304687500e+01
1.006697273254394531e+01
1.006722640991210938e+01
1.006702804565429688e+01
1.006857585906982422e+01
1.006700229644775391e+01
1.006830692291259766e+01
1.006745052337646484e+01
1.006720447540283203e+01
1.006994724273681641e+01
1.006990718841552734e+01
1.006945419311523438e+01
1.006688690185546875e+01
1.006966972351074219e+01
1.006778335571289062e+01
1.006714057922363281e+01
1.007283306121826172e+01
1.007157421112060547e+01
1.007007217407226562e+01
1.006872749328613281e+01
1.006754970550537109e+01
1.006764793395996094e+01
1.006818580627441406e+01
1.006690216064453125e+01
1.006691741943359375e+01
1.006925010681152344e+01
1.006676387786865234e+01
1.006725025177001953e+01
1.006781291961669922e+01
1.006781291961669922e+01
1.006745052337646484e+01
1.006688690185546875e+01
1.006746196746826172e+01
1.007029533386230469e+01
1.006767368316650391e+01
1.006703281402587891e+01
1.007163619995117188e+01
1.006729984283447266e+01
1.007872200012207031e+01
1.006795310974121094e+01
1.006790542602539062e+01
1.006870269775390625e+01
1.006744194030761719e+01
1.006836986541748047e+01
1.006725025177001953e+01
1.006721210479736328e+01
1.006941986083984375e+01
1.006734466552734375e+01
1.006747245788574219e+01
1.006850624084472656e+01
1.006826686859130859e+01
1.006778335571289062e+01
1.006775569915771484e+01
1.006756305694580078e+01
1.006805706024169922e+01
1.006807518005371094e+01
1.007349586486816406e+01
1.006724166870117188e+01
1.006680870056152344e+01
1.006789016723632812e+01
1.006730842590332031e+01
1.006883335113525391e+01
1.006743049621582031e+01
1.006736183166503906e+01
1.006711483001708984e+01
1.006689739227294922e+01
1.006733512878417969e+01
1.006694984436035156e+01
1.006718921661376953e+01
1.006693744659423828e+01
1.006830501556396484e+01
1.007252216339111328e+01
1.006675529479980469e+01
1.006778335571289062e+01
1.006707763671875000e+01
1.006737136840820312e+01
1.006730747222900391e+01
1.006739044189453125e+01
1.006816673278808594e+01
1.006678104400634766e+01
1.006816673278808594e+01
1.006704330444335938e+01
1.006711483001708984e+01
1.006687641143798828e+01
1.006795310974121094e+01
1.006707191467285156e+01
1.006734371185302734e+01
1.006689739227294922e+01
1.006732559204101562e+01
1.006803798675537109e+01
1.006974983215332031e+01
1.013838291168212891e+01
1.015585136413574219e+01
1.018493461608886719e+01
1.036866855621337891e+01
1.018924140930175781e+01
1.039605236053466797e+01
1.011869239807128906e+01
1.062772750854492188e+01
1.126701450347900391e+01
1.036242580413818359e+01
1.009975433349609375e+01
1.033890438079833984e+01
1.020331764221191406e+01
1.090325736999511719e+01
1.013608932495117188e+01
1.025574588775634766e+01
1.075845336914062500e+01
1.008827400207519531e+01
1.035038375854492188e+01
1.059091472625732422e+01
1.015145206451416016e+01
1.041777610778808594e+01
1.029749584197998047e+01
1.038915824890136719e+01
1.123841953277587891e+01
1.018706512451171875e+01
1.035038375854492188e+01
1.029749584197998047e+01
1.029749584197998047e+01
1.030696868896484375e+01
1.019605350494384766e+01
1.024858283996582031e+01
1.048529052734375000e+01
1.029749584197998047e+01
1.049457836151123047e+01
1.041777610778808594e+01
1.060287857055664062e+01
1.050409889221191406e+01
1.041035842895507812e+01
1.048529052734375000e+01
1.016742134094238281e+01
1.142530632019042969e+01
1.042537975311279297e+01
1.072715473175048828e+01
1.041035842895507812e+01
1.049457836151123047e+01
1.033890438079833984e+01
1.040311813354492188e+01
1.041035842895507812e+01
1.092324256896972656e+01
1.015288925170898438e+01
1.033336830139160156e+01
1.057924842834472656e+01
1.041035842895507812e+01
1.022257995605468750e+01
1.163842010498046875e+01
1.047622871398925781e+01
1.056787109375000000e+01
1.074260711669921875e+01
1.033336830139160156e+01
1.074260711669921875e+01
1.014076519012451172e+01
1.014199161529541016e+01
1.027109146118164062e+01
1.014581584930419922e+01
1.010501289367675781e+01
1.015893363952636719e+01
1.016052246093750000e+01
1.015737724304199219e+01
1.012378215789794922e+01
1.018897151947021484e+01
1.011332035064697266e+01
1.017469501495361328e+01
1.012560558319091797e+01
1.021376419067382812e+01
1.012468528747558594e+01
1.035633277893066406e+01
1.036866855621337891e+01
1.014076519012451172e+01
1.041035842895507812e+01
1.050409889221191406e+01
1.010616111755371094e+01
1.012116813659667969e+01
1.020331764221191406e+01
1.023163890838623047e+01
1.019373512268066406e+01
1.010072422027587891e+01
1.030217742919921875e+01
1.022257995605468750e+01
1.061514568328857422e+01
2.587666130065917969e+01
1.140052700042724609e+01
2.356753158569335938e+01
1.512807559967041016e+01
1.562492752075195312e+01
1.764485931396484375e+01
3.256755065917968750e+01
3.256755065917968750e+01
1.814102935791015625e+01
2.640981674194335938e+01
1.306572914123535156e+01
1.960817337036132812e+01
1.160964393615722656e+01
1.960817337036132812e+01
1.562492752075195312e+01
2.614212989807128906e+01
2.614212989807128906e+01
1.299444484710693359e+01
2.332724571228027344e+01
1.130348873138427734e+01
2.640981674194335938e+01
1.780757713317871094e+01
2.381041908264160156e+01
1.904512023925781250e+01
1.614583396911621094e+01
2.561369705200195312e+01
2.169248580932617188e+01
1.185766220092773438e+01
1.656249046325683594e+01
1.321323776245117188e+01
2.239242553710937500e+01
1.397551727294921875e+01
2.953174972534179688e+01
2.381041908264160156e+01
1.656249046325683594e+01
1.614583396911621094e+01
1.468307685852050781e+01
1.748485183715820312e+01
1.292474365234375000e+01
2.381041908264160156e+01
1.437224102020263672e+01
2.924100875854492188e+01
2.695202064514160156e+01
1.732745361328125000e+01
1.732745361328125000e+01
2.561369705200195312e+01
1.562492752075195312e+01
2.866512489318847656e+01
1.748485183715820312e+01
1.780757713317871094e+01
1.717275238037109375e+01
2.381041908264160156e+01
2.125828361511230469e+01
1.468307685852050781e+01
3.510131835937500000e+01
2.213770103454589844e+01
1.732745361328125000e+01
1.904512023925781250e+01
2.561369705200195312e+01
2.062750625610351562e+01
2.083500099182128906e+01
1.501348114013671875e+01
2.125828361511230469e+01
1.501348114013671875e+01
1.055806732177734375e+01
1.247229480743408203e+01
1.426079082489013672e+01
1.130348873138427734e+01
1.204098320007324219e+01
1.328952026367187500e+01
1.446114444732666016e+01
1.101385211944580078e+01
1.642110443115234375e+01
1.081265735626220703e+01
1.416367912292480469e+01
1.685303688049316406e+01
1.501348114013671875e+01
1.780757713317871094e+01
1.121718120574951172e+01
1.614583396911621094e+01
1.501348114013671875e+01
1.306572914123535156e+01
1.306572914123535156e+01
1.524496555328369141e+01
1.501348114013671875e+01
1.199346446990966797e+01
1.143323898315429688e+01
1.614583396911621094e+01
1.397551727294921875e+01
1.601195335388183594e+01
1.111476707458496094e+01
2.784898376464843750e+01
3.873231124877929688e+01
1.150525665283203125e+01
1.984819984436035156e+01
3.048577308654785156e+01
1.073263168334960938e+01
1.576650428771972656e+01
2.841344261169433594e+01
3.356955718994140625e+01
2.486869049072265625e+01
1.101649761199951172e+01
1.073263168334960938e+01
2.461504745483398438e+01
1.617834281921386719e+01
3.325906372070312500e+01
6.054515075683593750e+01
1.073263168334960938e+01
1.589576911926269531e+01
1.068816089630126953e+01
3.138454437255859375e+01
3.676705169677734375e+01
1.703835487365722656e+01
4.391546630859375000e+01
1.089068222045898438e+01
3.356955718994140625e+01
1.181954669952392578e+01
1.215168762207031250e+01
1.058338642120361328e+01
1.173622608184814453e+01
2.486869049072265625e+01
1.428435325622558594e+01
3.388137435913085938e+01
1.674139785766601562e+01
2.107004928588867188e+01
1.835325431823730469e+01
1.539306735992431641e+01
1.215168762207031250e+01
1.688860130310058594e+01
1.116625690460205078e+01
1.260659503936767578e+01
2.564432907104492188e+01
3.325906372070312500e+01
1.458961772918701172e+01
3.018942642211914062e+01
1.279779243469238281e+01
5.171029663085937500e+01
2.486869049072265625e+01
2.931062698364257812e+01
2.813013076782226562e+01
1.101927947998046875e+01
1.266885375976562500e+01
2.219186401367187500e+01
4.263583374023437500e+01
3.325906372070312500e+01
2.219186401367187500e+01
1.143711566925048828e+01
4.199359893798828125e+01
3.264135742187500000e+01
1.409123611450195312e+01
3.581108093261718750e+01
2.288192558288574219e+01
1.225566959381103516e+01
1.888419151306152344e+01
1.061960697174072266e+01
1.051741027832031250e+01
1.300270462036132812e+01
1.032987880706787109e+01
1.236475563049316406e+01
1.719075202941894531e+01
1.119300174713134766e+01
1.031365680694580078e+01
2.065167236328125000e+01
1.029454517364501953e+01
2.869866752624511719e+01
1.190707588195800781e+01
1.371803092956542969e+01
1.300270462036132812e+01
1.029004001617431641e+01
1.134111309051513672e+01
1.273257732391357422e+01
1.073263168334960938e+01
1.563964271545410156e+01
1.209544086456298828e+01
1.114018821716308594e+01
1.048858261108398438e+01
1.122384834289550781e+01
1.659681701660156250e+01
1.225566959381103516e+01
1.688860130310058594e+01
1.016803836822509766e+01
1.045226478576660156e+01
1.300232887268066406e+01
1.016782283782958984e+01
1.012687683105468750e+01
1.036460781097412109e+01
1.008108997344970703e+01
1.012136268615722656e+01
1.012981510162353516e+01
1.108685111999511719e+01
1.042043209075927734e+01
1.012136268615722656e+01
1.011887741088867188e+01
1.017901611328125000e+01
1.287248802185058594e+01
2.756836509704589844e+01
3.513699340820312500e+01
1.007467460632324219e+01
1.024590778350830078e+01
1.010190677642822266e+01
1.041950416564941406e+01
1.019897365570068359e+01
1.025658893585205078e+01
1.081460857391357422e+01
1.014761447906494141e+01
1.013083076477050781e+01
1.026850986480712891e+01
1.087141418457031250e+01
1.033462524414062500e+01
1.030385112762451172e+01
1.458905982971191406e+01
1.019926929473876953e+01
1.067229080200195312e+01
1.009886455535888672e+01
1.010748863220214844e+01
1.013983631134033203e+01
1.029396152496337891e+01
1.026459980010986328e+01
1.040564727783203125e+01
1.011140632629394531e+01
1.015053558349609375e+01
1.008687973022460938e+01
1.021472835540771484e+01
1.024590778350830078e+01
1.070073890686035156e+01
1.040564727783203125e+01
1.060566425323486328e+01
1.089057636260986328e+01
1.108984947204589844e+01
1.015773105621337891e+01
1.038560199737548828e+01
1.014627933502197266e+01
1.018541908264160156e+01
1.054709815979003906e+01
2.128224945068359375e+01
2.383787918090820312e+01
1.018127059936523438e+01
1.539244461059570312e+01
1.527268981933593750e+01
1.016438770294189453e+01
1.161384677886962891e+01
1.014744853973388672e+01
1.034660434722900391e+01
1.015948963165283203e+01
1.009420204162597656e+01
1.008338069915771484e+01
1.008988380432128906e+01
1.011348247528076172e+01
1.009938907623291016e+01
1.020170879364013672e+01
1.099405670166015625e+01
1.011969089508056641e+01
1.053780078887939453e+01
1.022361087799072266e+01
1.215140533447265625e+01
1.009124660491943359e+01
1.016272163391113281e+01
1.011073780059814453e+01
1.015638542175292969e+01
1.010295009613037109e+01
1.013634681701660156e+01
1.011652183532714844e+01
1.032387924194335938e+01
1.011277866363525391e+01
1.028947067260742188e+01
1.012687683105468750e+01
1.018782615661621094e+01
1.015036296844482422e+01
1.011008071899414062e+01
1.027660560607910156e+01
1.016566753387451172e+01
1.041029739379882812e+01
1.031688308715820312e+01
1.016547298431396484e+01
1.016231632232666016e+01
1.013720607757568359e+01
1.009489154815673828e+01
1.008945274353027344e+01
1.009570217132568359e+01
1.024816322326660156e+01
1.958955955505371094e+01
1.043314266204833984e+01
1.011116313934326172e+01
1.042620563507080078e+01
1.054707813262939453e+01
1.223697757720947266e+01
1.068146610260009766e+01
1.016397476196289062e+01
1.094601249694824219e+01
1.010992050170898438e+01
1.012846469879150391e+01
1.047614192962646484e+01
1.017467117309570312e+01
1.223697757720947266e+01
1.103377532958984375e+01
1.008820343017578125e+01
1.149305152893066406e+01
1.020870876312255859e+01
1.010734081268310547e+01
1.035629367828369141e+01
1.028840541839599609e+01
1.018920993804931641e+01
1.014322471618652344e+01
1.015126895904541016e+01
1.009784603118896484e+01
1.284807491302490234e+01
1.012288284301757812e+01
1.010217666625976562e+01
1.010382938385009766e+01
1.017681217193603516e+01
1.009696769714355469e+01
1.008948898315429688e+01
1.009570217132568359e+01
1.014197444915771484e+01
1.010550689697265625e+01
1.235119533538818359e+01
1.010121345520019531e+01
1.685326766967773438e+01
1.010217666625976562e+01
1.009691905975341797e+01
1.018946933746337891e+01
1.007940483093261719e+01
1.008329963684082031e+01
1.009252548217773438e+01
1.014986133575439453e+01
1.139274215698242188e+01
1.029340076446533203e+01
1.069894409179687500e+01
1.038234043121337891e+01
1.012377071380615234e+01
1.075842285156250000e+01
1.012288284301757812e+01
1.103642177581787109e+01
1.009181308746337891e+01
1.010389232635498047e+01
1.038312149047851562e+01
1.009406089782714844e+01
1.009330177307128906e+01
1.031805038452148438e+01
1.008352375030517578e+01
1.011184024810791016e+01
1.015001964569091797e+01
1.010328865051269531e+01
1.008521175384521484e+01
1.010217666625976562e+01
1.086902618408203125e+01
1.169087982177734375e+01
1.081244468688964844e+01
1.322150039672851562e+01
1.015753841400146484e+01
1.019602584838867188e+01
1.062911224365234375e+01
1.008883476257324219e+01
1.009921836853027344e+01
1.011402416229248047e+01
1.021998977661132812e+01
1.019397449493408203e+01
1.010674190521240234e+01
1.011710071563720703e+01
1.024894905090332031e+01
1.091115760803222656e+01
1.620491409301757812e+01
1.074216079711914062e+01
1.719801521301269531e+01
1.102589416503906250e+01
1.254791641235351562e+01
1.017770576477050781e+01
1.020821666717529297e+01
3.025528907775878906e+01
1.074216079711914062e+01
1.479134559631347656e+01
1.136109542846679688e+01
2.127569961547851562e+01
1.151737117767333984e+01
1.126070022583007812e+01
1.094916725158691406e+01
1.409309577941894531e+01
1.330432128906250000e+01
1.776998519897460938e+01
1.010507965087890625e+01
1.254791641235351562e+01
1.349347305297851562e+01
1.519610595703125000e+01
2.507244110107421875e+01
1.083976173400878906e+01
1.037818145751953125e+01
1.507010459899902344e+01
2.074942970275878906e+01
3.287903594970703125e+01
1.035823822021484375e+01
1.221436691284179688e+01
1.051785755157470703e+01
1.093256759643554688e+01
1.221436691284179688e+01
1.091115760803222656e+01
2.475476837158203125e+01
1.113413906097412109e+01
1.023593044281005859e+01
1.020667266845703125e+01
1.281932353973388672e+01
1.035120296478271484e+01
1.304824829101562500e+01
1.020142745971679688e+01
1.076187515258789062e+01
1.021118068695068359e+01
3.229615020751953125e+01
1.210542392730712891e+01
1.203169155120849609e+01
1.025026226043701172e+01
1.040012168884277344e+01
1.017898941040039062e+01
1.081369876861572266e+01
1.018082523345947266e+01
1.062011814117431641e+01
1.155645370483398438e+01
1.432363891601562500e+01
1.363579940795898438e+01
2.052805328369140625e+01
1.039021396636962891e+01
1.050574398040771484e+01
1.205049324035644531e+01
1.832235527038574219e+01
1.254791641235351562e+01
1.053964138031005859e+01
1.048765563964843750e+01
1.020940208435058594e+01
5.258667755126953125e+01
1.018107032775878906e+01
1.040471839904785156e+01
1.008588981628417969e+01
1.024288463592529297e+01
1.372569179534912109e+01
1.197879600524902344e+01
1.113413906097412109e+01
1.014513683319091797e+01
1.045136356353759766e+01
1.106441783905029297e+01
1.267926025390625000e+01
1.896274757385253906e+01
1.205350971221923828e+01
1.117085647583007812e+01
1.161699676513671875e+01
1.239223480224609375e+01
1.024909782409667969e+01
1.146802139282226562e+01
1.332285976409912109e+01
1.101604652404785156e+01
1.127813339233398438e+01
1.358658409118652344e+01
1.097051239013671875e+01
