ALLIN1901X  22.6  24.6  30.6  34.6  36.2  35.7  32.1  30.2  31.4  31.6  28.0  24.8
ALLIN1902X  25.4  27.6  32.4  34.6  36.5  35.1  31.7  31.4  30.3  30.2  27.0  23.9
ALLIN1903X  23.9  25.8  30.1  34.5  36.0  35.5  31.9  30.2  30.4  29.8  26.7  24.0
ALLIN1904X  23.5  26.1  30.1  35.3  35.7  33.8  30.7  30.4  31.0  30.7  27.1  24.1
ALLIN1905X  22.5  22.6  28.3  32.6  36.4  36.0  31.7  30.9  30.9  31.1  28.2  24.3
ALLIN1906X  23.3  24.2  29.0  35.1  37.5  34.1  31.2  30.4  30.3  30.5  28.2  24.9
ALLIN1907X  25.0  24.6  28.8  31.9  35.6  34.4  32.3  29.7  31.5  32.0  28.8  24.6
ALLIN1908X  23.6  26.4  30.7  35.9  36.5  35.4  30.6  29.7  30.7  30.8  27.6  24.2
ALLIN1909X  23.7  26.0  32.0  32.8  36.1  33.1  30.1  30.1  30.1  30.8  28.6  24.0
ALLIN1910X  23.8  26.6  31.1  34.7  36.5  33.2  30.8  30.0  30.2  29.6  26.5  24.0
ALLIN1911X  24.2  26.0  28.9  34.4  37.1  33.5  32.6  30.8  30.5  30.6  26.3  24.1
ALLIN1912X  24.3  26.9  30.9  33.9  36.6  36.0  31.2  30.2  30.9  30.8  26.7  24.0
ALLIN1913X  24.3  25.6  29.4  35.4  35.4  32.9  31.1  30.8  31.5  31.1  27.5  23.8
ALLIN1914X  25.0  26.2  30.1  33.5  36.0  34.4  30.7  30.2  30.6  30.1  27.7  24.4
ALLIN1915X  23.6  24.9  29.5  34.1  36.8  35.4  32.3  30.9  31.3  30.9  28.2  24.3
ALLIN1916X  24.4  25.8  32.5  34.9  36.8  32.6  31.2  30.1  30.3  29.4  26.4  23.8
ALLIN1917X  24.1  25.6  29.8  33.0  33.6  32.6  30.6  30.1  29.3  28.7  26.2  23.9
ALLIN1918X  22.8  26.5  30.3  33.5  35.8  32.8  32.9  30.9  31.5  32.0  28.1  23.9
ALLIN1919X  23.8  25.4  31.0  34.2  36.0  34.1  31.0  30.3  30.6  30.3  27.4  23.8
ALLIN1920X  23.8  25.7  30.4  34.2  35.1  34.4  30.9  30.8  31.8  31.9  28.6  25.7
ALLIN1921X  24.6  26.4  32.7  35.6  38.2  34.5  32.0  30.0  30.0  29.7  27.2  24.9
ALLIN1922X  23.3  27.2  32.0  35.3  37.0  33.8  30.9  30.3  30.1  30.1  27.1  23.7
ALLIN1923X  24.1  25.1  30.7  35.1  36.2  36.5  31.1  30.1  30.7  30.0  27.5  24.6
ALLIN1924X  23.5  26.4  32.6  35.5  35.8  36.1  31.3  30.5  29.7  30.0  26.4  24.0
ALLIN1925X  23.0  25.7  31.6  35.5  35.1  33.2  30.2  30.5  31.5  31.1  27.0  24.3
ALLIN1926X  24.1  27.4  29.5  32.7  35.3  36.8  31.8  30.3  30.2  30.7  27.1  24.7
ALLIN1927X  24.1  25.2  30.0  34.7  35.9  34.8  31.0  30.1  31.1  30.6  26.3  24.7
ALLIN1928X  23.6  26.2  31.1  34.8  37.1  34.2  31.1  31.1  31.3  30.6  27.8  24.0
ALLIN1929X  23.8  25.2  32.3  34.4  37.1  34.2  31.1  30.2  31.7  30.1  28.1  23.4
ALLIN1930X  23.5  25.5  31.3  33.9  36.1  34.4  30.9  30.6  31.3  30.7  26.9  25.0
ALLIN1931X  25.3  25.3  30.8  35.7  36.6  36.0  31.4  30.7  30.5  29.8  27.3  24.6
ALLIN1932X  25.3  25.6  31.0  34.7  36.0  35.2  31.4  30.6  31.1  31.0  27.7  24.8
ALLIN1933X  23.4  26.5  31.0  33.3  33.9  33.2  31.0  29.8  30.1  30.0  27.7  24.7
ALLIN1934X  23.1  27.3  30.6  35.1  36.6  34.3  31.1  30.1  30.9  30.7  27.1  24.6
ALLIN1935X  22.8  26.1  31.2  32.8  37.4  35.4  30.9  30.2  30.3  30.9  28.1  24.8
ALLIN1936X  23.9  25.6  30.6  34.4  36.6  32.5  30.9  30.5  30.8  30.8  27.2  24.1
ALLIN1937X  23.8  25.7  29.9  33.2  36.3  35.1  30.8  30.8  31.0  30.0  27.8  23.9
ALLIN1938X  24.1  25.0  31.8  35.5  36.3  31.9  30.8  30.5  31.3  30.7  27.2  25.0
ALLIN1939X  24.9  26.3  29.4  34.1  37.1  34.2  31.0  31.0  30.8  30.8  27.8  25.1
ALLIN1940X  24.2  25.8  28.7  34.1  36.2  34.5  31.0  30.1  31.2  31.2  28.3  24.5
ALLIN1941X  23.7  26.7  32.3  36.1  36.8  34.2  31.9  31.1  31.4  31.8  28.3  26.0
ALLIN1942X  23.5  26.2  31.8  35.0  36.8  35.4  30.5  29.9  30.2  31.3  28.5  24.2
ALLIN1943X  23.8  26.0  31.3  33.3  36.0  33.8  30.8  29.8  30.3  30.4  28.6  25.3
ALLIN1944X  23.6  25.1  29.3  33.3  37.2  34.8  30.8  30.6  30.8  30.3  27.8  25.6
ALLIN1945X  22.8  26.1  31.6  33.4  36.4  35.3  31.0  30.6  30.4  29.8  27.5  24.1
ALLIN1946X  25.2  27.8  31.0  34.5  35.9  33.6  30.9  30.3  31.1  30.8  27.1  24.2
ALLIN1947X  23.2  26.4  31.1  34.9  37.1  35.5  31.2  30.9  29.9  29.6  28.3  24.8
ALLIN1948X  23.5  25.7  30.3  35.2  37.1  35.1  31.1  30.1  30.5  30.5  27.0  24.1
ALLIN1949X  24.9  26.0  31.2  34.7  35.8  34.1  31.0  30.5  30.7  30.5  27.2  24.6
ALLIN1950X  24.5  25.3  29.5  34.4  36.6  34.3  30.6  30.3  30.2  30.4  27.4  24.4
ALLIN1951X  23.5  26.7  30.7  32.9  36.2  34.4  31.9  30.7  31.8  32.0  28.6  25.4
ALLIN1952X  25.2  27.7  30.2  35.2  36.4  34.6  31.3  30.1  31.3  31.2  28.3  25.3
ALLIN1953X  23.3  27.9  33.1  35.0  37.0  35.2  31.0  30.3  30.7  30.7  28.1  26.2
ALLIN1954X  23.3  27.1  31.2  35.4  37.3  34.5  31.0  30.8  30.1  29.2  27.6  24.8
ALLIN1955X  23.7  27.1  32.0  33.9  35.7  34.4  31.3  29.8  30.3  29.2  27.2  24.3
ALLIN1956X  23.8  26.6  31.2  35.3  36.3  32.7  29.9  29.9  30.7  29.0  26.6  24.5
ALLIN1957X  23.4  25.4  29.3  33.8  35.9  34.9  31.1  30.6  31.2  30.9  28.1  25.2
ALLIN1958X  25.4  27.0  31.7  35.5  36.6  36.7  31.1  30.5  30.3  30.0  27.9  24.9
ALLIN1959X  23.7  25.8  31.9  35.1  36.5  34.6  30.7  30.3  30.5  30.1  27.4  25.4
ALLIN1960X  24.0  28.7  29.7  34.9  36.8  35.0  31.3  30.6  31.3  30.9  27.7  25.8
ALLIN1961X  24.5  24.7  31.9  34.9  36.2  33.7  30.7  30.5  30.4  29.7  26.6  23.3
ALLIN1962X  23.2  26.3  30.7  34.6  36.1  34.6  31.9  30.5  30.4  30.2  27.8  24.3
ALLIN1963X  23.6  27.9  30.6  33.7  35.7  34.4  31.8  30.3  31.1  30.8  27.9  24.9
ALLIN1964X  23.8  26.7  32.5  35.4  36.4  34.9  30.8  30.5  30.5  31.2  27.8  24.6
ALLIN1965X  24.6  26.6  30.4  33.2  36.1  35.7  31.5  31.1  31.4  31.8  28.7  25.1
ALLIN1966X  24.9  28.4  31.6  35.2  36.8  34.7  32.5  30.8  31.4  31.8  28.3  25.0
ALLIN1967X  24.3  28.5  29.6  34.0  36.6  35.3  31.5  30.3  30.8  31.2  28.1  24.3
ALLIN1968X  22.9  25.5  30.5  34.2  36.5  34.7  31.4  30.8  32.1  30.9  28.3  25.3
ALLIN1969X  24.6  27.7  33.0  35.6  35.9  35.6  31.6  30.7  30.9  31.5  28.5  25.2
ALLIN1970X  24.2  26.3  30.5  35.5  36.9  33.2  31.7  30.5  30.6  30.9  28.0  25.2
ALLIN1971X  23.8  26.6  30.9  34.3  34.7  32.1  30.8  30.1  31.1  30.0  27.4  24.8
ALLIN1972X  24.7  25.0  31.7  34.2  36.9  36.3  32.1  31.0  31.5  31.0  28.1  25.1
ALLIN1973X  24.6  27.6  31.3  36.6  37.1  34.4  31.5  30.3  30.5  30.2  27.9  24.2
ALLIN1974X  24.2  26.3  32.2  35.5  36.1  34.6  31.5  31.1  31.9  31.0  28.2  23.9
ALLIN1975X  23.4  26.0  30.8  35.6  36.9  34.3  30.7  30.4  30.0  30.3  27.2  24.8
ALLIN1976X  24.1  26.4  31.0  34.3  36.1  34.1  31.6  30.0  30.9  31.7  28.7  25.5
ALLIN1977X  24.3  27.3  32.8  33.9  34.8  34.1  30.9  30.5  30.8  31.0  28.5  25.0
ALLIN1978X  23.6  25.4  29.6  34.6  37.3  33.9  30.7  30.3  30.8  31.3  28.1  24.7
ALLIN1979X  24.5  25.3  30.3  35.5  36.1  36.0  31.9  31.1  32.0  31.4  28.5  24.8
ALLIN1980X  24.4  27.1  30.7  36.0  37.2  33.9  31.0  30.5  31.5  31.7  28.5  24.9
ALLIN1981X  23.7  26.9  30.2  34.8  36.2  35.2  30.8  30.5  31.2  31.1  27.4  24.6
ALLIN1982X  24.4  25.7  29.5  34.0  35.3  34.9  32.3  30.8  31.5  31.4  27.5  25.0
ALLIN1983X  24.1  25.8  30.5  33.5  35.7  35.4  32.0  30.8  30.8  30.3  27.8  24.3
ALLIN1984X  23.5  25.2  31.8  34.8  37.2  34.2  31.1  30.3  30.5  31.0  27.8  25.5
ALLIN1985X  24.1  27.3  32.8  35.1  36.8  34.7  31.0  30.5  31.3  30.1  28.0  25.4
ALLIN1986X  24.0  25.9  30.8  34.8  35.9  34.6  31.5  30.8  31.7  31.1  28.3  24.7
ALLIN1987X  24.5  26.8  30.7  35.1  35.6  35.7  32.4  31.3  31.9  31.5  28.4  25.2
ALLIN1988X  24.8  27.1  31.0  35.0  36.9  34.8  31.0  30.5  31.0  30.9  28.2  25.1
ALLIN1989X  24.1  26.8  30.5  34.7  36.9  33.7  31.3  30.6  31.1  31.4  28.5  24.4
ALLIN1990X  25.4  26.3  29.4  34.4  35.2  33.6  30.7  30.6  30.8  30.4  28.3  25.4
ALLIN1991X  23.7  27.6  31.4  34.3  36.5  34.3  32.0  30.5  31.4  31.5  27.6  24.7
ALLIN1992X  24.4  25.7  31.3  34.8  36.1  35.7  32.1  30.5  31.1  30.9  28.2  25.4
ALLIN1993X  24.4  27.8  29.9  34.9  36.9  35.0  31.9  31.5  30.7  31.3  28.7  25.6
ALLIN1994X  25.2  26.1  32.4  34.2  37.2  34.3  30.7  30.3  31.1  30.9  28.1  25.4
ALLIN1995X  22.8  26.5  30.2  34.7  36.4  36.2  31.6  31.0  31.4  31.4  28.7  25.4
ALLIN1996X  24.3  27.3  31.9  35.0  36.8  34.4  31.7  30.2  31.3  30.7  28.5  25.4
ALLIN1997X  23.7  26.4  31.2  32.9  35.8  34.5  32.0  31.0  31.1  30.1  27.7  23.4
ALLIN1998X  23.8  26.8  29.9  35.1  37.5  35.7  31.8  31.3  31.3  31.1  28.7  26.1
ALLIN1999X  24.1  28.0  32.6  37.0  35.8  33.8  31.7  30.9  31.2  30.9  29.1  25.9
ALLIN2000X  24.9  25.8  31.0  36.0  35.9  33.3  31.2  31.2  31.3  32.5  29.2  26.2
ALLIN2001X  24.7  28.5  31.7  34.7  36.6  32.8  31.1  31.2  32.3  31.5  29.0  25.7
ALLIN2002X  24.5  27.3  31.9  35.6  37.0  34.6  33.4  31.1  31.6  31.9  28.6  25.6
ALLIN2003X  23.8  26.8  30.7  35.5  36.9  35.4  31.5  30.8  30.8  30.9  28.7  25.1
ALLIN2004X  23.5  27.4  33.5  35.3  35.8  33.8  32.0  30.7  31.9  30.3  28.8  25.8
ALLIN2005X  24.1  26.6  31.3  34.7  36.3  36.3  31.1  31.2  31.3  30.7  28.5  25.4
ALLIN2006X  25.4  30.9  31.0  35.2  36.2  34.1  31.5  30.8  31.4  31.8  28.3  25.7
ALLIN2007X  25.4  26.8  30.9  35.7  36.5  34.3  31.5  31.1  31.2  31.5  29.2  25.4
