ALLIN1901N  10.5  12.3  16.3  20.5  23.4  24.7  23.9  23.3  22.0  19.7  14.4  10.7
ALLIN1902N  10.4  11.9  17.3  21.0  23.9  24.5  23.6  23.4  22.2  18.9  14.0  10.6
ALLIN1903N  10.4  11.6  15.6  20.2  23.2  24.6  24.0  23.2  22.7  19.4  13.5   9.7
ALLIN1904N  10.1  11.8  16.2  21.0  23.2  24.1  23.2  22.9  21.7  18.7  13.4  10.9
ALLIN1905N   9.7   9.4  15.2  18.7  23.7  25.1  23.8  23.5  22.5  18.8  14.6  10.2
ALLIN1906N   9.7  12.3  15.5  20.7  24.4  24.3  23.8  23.1  22.3  19.1  14.4  11.3
ALLIN1907N  11.0  12.5  15.4  19.6  22.4  24.0  23.9  23.0  21.9  18.7  14.4   9.4
ALLIN1908N   9.8  11.8  15.5  21.6  23.5  24.8  23.4  23.0  22.0  18.4  12.9   9.1
ALLIN1909N  10.5  11.7  16.3  19.9  23.2  23.8  23.2  22.8  22.0  18.5  14.2  11.4
ALLIN1910N  10.0  11.5  16.0  20.2  23.4  23.9  23.3  23.1  22.3  18.7  13.1   9.7
ALLIN1911N  11.5  11.2  15.5  20.3  23.9  24.1  23.9  23.1  22.3  19.3  14.8  10.7
ALLIN1912N  10.8  13.3  15.6  20.7  23.7  24.8  23.7  23.0  21.4  18.4  13.7  10.0
ALLIN1913N   9.3  13.0  14.8  21.1  22.7  23.5  23.2  22.8  21.9  18.7  13.3  10.8
ALLIN1914N  10.4  12.4  15.7  20.0  23.5  24.3  23.7  23.0  22.4  18.1  14.8  10.5
ALLIN1915N  10.6  11.9  16.4  20.8  24.5  24.7  24.1  23.5  22.7  20.6  15.5  10.3
ALLIN1916N  10.1  12.0  16.9  21.5  23.5  23.8  23.5  23.2  22.4  19.9  14.2   9.6
ALLIN1917N   9.9  12.2  15.4  19.1  21.4  23.6  23.5  23.2  22.3  19.4  13.4  10.4
ALLIN1918N   9.1  11.8  16.1  19.5  23.8  23.5  23.9  23.2  21.9  18.2  14.5  10.3
ALLIN1919N  11.5  12.1  16.6  20.3  23.2  24.5  23.5  23.3  21.9  18.6  14.9  10.6
ALLIN1920N  10.9  11.8  16.5  20.2  21.9  24.1  23.7  22.7  22.2  19.3  14.5   9.9
ALLIN1921N  10.8  11.4  17.2  21.7  24.7  24.3  23.9  23.1  22.0  18.3  13.2  11.3
ALLIN1922N  10.7  12.7  16.5  21.2  23.7  23.9  23.5  23.0  22.3  18.2  14.2  10.1
ALLIN1923N  10.2  12.2  16.4  20.9  23.4  25.4  23.5  23.1  22.1  18.3  13.9  11.3
ALLIN1924N  10.6  12.6  17.1  21.5  22.7  25.0  23.9  23.3  22.1  19.0  14.2  11.2
ALLIN1925N   9.0  10.6  16.0  21.5  23.2  23.7  23.3  23.1  22.0  19.0  14.5  10.1
ALLIN1926N  10.9  13.1  16.4  19.0  22.8  25.2  23.9  23.4  22.3  18.4  12.3  10.1
ALLIN1927N   9.8  12.0  15.5  20.3  23.0  24.2  23.5  23.0  21.9  19.0  13.9  11.4
ALLIN1928N  10.8  12.7  16.3  20.5  24.0  24.1  23.5  23.2  22.2  19.7  14.4  11.0
ALLIN1929N  10.3  11.5  16.8  21.1  24.1  24.1  23.5  22.8  22.0  18.6  13.9  10.8
ALLIN1930N   9.9  11.2  16.3  20.4  23.5  24.0  23.3  22.9  22.1  19.2  13.8  10.4
ALLIN1931N  10.9  12.6  15.9  21.5  23.7  24.8  23.5  23.7  22.3  19.6  14.1  10.9
ALLIN1932N  10.5  11.2  16.3  20.5  23.2  24.9  23.7  23.0  22.3  19.2  14.2  10.4
ALLIN1933N   9.5  13.0  16.2  19.7  22.4  24.0  23.7  23.0  22.2  18.9  13.9  10.6
ALLIN1934N   9.4  11.9  15.7  20.5  23.3  24.1  23.5  23.1  22.3  17.9  13.3  10.9
ALLIN1935N   9.5  12.5  15.8  19.2  23.7  24.5  23.6  22.8  21.9  18.3  13.7  10.7
ALLIN1936N   9.8  12.4  16.1  20.3  24.3  23.5  23.5  23.1  22.3  18.6  15.2  11.3
ALLIN1937N   8.9  13.2  15.5  19.9  23.4  24.6  23.6  23.3  22.3  18.4  13.8   9.8
ALLIN1938N  10.9  11.4  17.2  21.1  24.2  23.6  23.5  23.2  22.2  19.1  12.8  10.1
ALLIN1939N  10.5  12.8  15.3  20.0  23.9  24.2  23.6  23.3  22.2  19.5  13.5  10.1
ALLIN1940N   9.7  12.4  15.5  20.0  23.8  24.5  23.7  23.1  21.8  18.7  14.8  10.9
ALLIN1941N  10.5  12.7  17.5  22.1  24.4  24.6  23.9  23.6  22.4  19.8  13.9  11.5
ALLIN1942N  10.2  13.0  16.9  21.6  24.4  25.1  23.7  23.1  22.0  18.2  13.9  10.6
ALLIN1943N  11.6  11.2  16.2  19.9  23.6  24.0  23.4  22.9  22.4  18.6  14.2  10.3
ALLIN1944N  10.3  12.1  15.9  19.8  24.3  24.2  23.7  23.3  22.0  18.6  14.0  11.5
ALLIN1945N   9.6  10.9  16.1  19.9  23.3  24.7  23.6  23.3  22.4  18.7  13.2   9.0
ALLIN1946N   9.2  13.0  16.0  21.3  23.7  24.2  23.6  23.4  22.1  19.5  15.0  11.7
ALLIN1947N  10.3  12.2  17.0  21.3  24.0  25.1  23.7  23.5  22.6  18.4  14.0  11.1
ALLIN1948N  11.2  12.4  16.0  21.4  24.2  24.8  23.7  23.3  22.3  19.6  15.4  10.3
ALLIN1949N  11.0  12.0  16.7  21.2  24.2  24.4  23.6  23.2  22.7  19.7  12.8   9.7
ALLIN1950N  10.6  11.3  15.9  20.0  23.8  24.5  23.6  23.0  22.1  18.3  12.9   9.8
ALLIN1951N   9.5  11.4  16.5  19.8  23.4  24.3  23.8  23.4  22.4  20.8  15.2  10.3
ALLIN1952N  10.5  13.6  16.0  21.6  24.2  24.5  23.8  23.1  22.3  19.1  13.2  11.2
ALLIN1953N  10.4  13.4  18.2  21.2  24.4  25.0  23.8  23.2  22.4  18.8  13.2  11.2
ALLIN1954N   9.6  13.6  16.6  21.5  24.4  24.6  23.6  23.3  22.5  17.9  13.0  10.5
ALLIN1955N  10.7  12.7  17.5  19.4  23.3  24.5  23.5  23.2  22.4  19.4  13.4  10.4
ALLIN1956N  10.5  11.5  16.9  21.4  24.4  24.0  23.1  22.8  22.4  19.3  14.2  11.1
ALLIN1957N  11.0  11.3  15.5  20.2  23.4  24.3  23.8  23.3  21.9  19.0  15.0  11.8
ALLIN1958N  11.5  12.7  17.1  22.0  23.9  25.3  23.9  23.3  22.7  19.9  15.3  12.0
ALLIN1959N  11.0  12.3  16.5  21.2  24.0  24.6  23.6  23.4  22.6  20.0  14.4  10.9
ALLIN1960N   9.9  12.9  16.1  20.3  23.6  24.5  23.8  23.5  22.5  18.9  13.7  11.5
ALLIN1961N  11.0  11.5  17.2  20.8  23.7  24.1  23.6  23.4  22.6  19.0  13.9   9.4
ALLIN1962N   8.6  12.6  16.1  20.9  23.3  24.2  23.7  23.0  22.1  18.0  13.8  11.2
ALLIN1963N   9.1  12.4  16.1  20.1  22.9  23.9  23.6  23.2  22.0  19.4  15.5  11.3
ALLIN1964N   9.4  12.1  17.0  21.3  22.7  24.1  23.1  23.0  22.0  19.2  13.2  10.2
ALLIN1965N  10.8  12.0  15.3  19.8  22.9  24.5  23.3  22.6  21.7  19.0  14.5  10.7
ALLIN1966N  10.4  13.1  15.9  20.8  23.2  24.2  23.9  23.0  21.6  18.6  15.4  10.0
ALLIN1967N   9.3  12.1  15.7  19.7  23.0  24.2  23.4  22.7  21.8  18.2  13.6  12.5
ALLIN1968N  10.0  11.4  15.9  19.8  22.8  24.0  23.3  22.7  22.1  18.4  13.8  10.2
ALLIN1969N   9.5  12.2  17.4  21.0  23.1  24.5  23.5  22.8  21.8  18.8  15.5  10.7
ALLIN1970N  10.3  12.2  16.2  21.0  23.6  23.3  23.3  22.8  22.0  19.1  13.1   8.8
ALLIN1971N   9.4  11.6  15.3  20.3  22.2  23.2  22.8  22.5  21.7  19.1  13.2   9.9
ALLIN1972N   9.4  10.8  16.3  19.9  23.4  24.6  23.6  22.8  21.4  18.6  14.4  11.7
ALLIN1973N  10.3  13.2  16.1  21.7  23.9  24.3  23.5  22.9  22.1  19.0  13.6  10.4
ALLIN1974N   9.2  11.3  16.7  21.2  23.0  23.7  23.1  22.8  21.8  19.3  13.4   9.8
ALLIN1975N   9.2  12.1  15.9  20.7  23.7  23.8  22.8  22.8  21.9  19.8  12.8   9.4
ALLIN1976N   9.8  12.2  16.1  20.1  22.9  23.5  23.2  22.6  21.7  18.8  16.3  11.1
ALLIN1977N   9.6  12.4  17.1  20.7  22.4  23.6  23.4  23.0  21.9  19.0  16.4  11.0
ALLIN1978N   9.5  12.2  15.4  20.5  24.0  24.0  23.2  23.0  21.8  18.8  15.6  11.1
ALLIN1979N  11.0  12.1  15.4  20.6  22.7  24.4  23.7  23.0  21.9  19.4  16.7  11.8
ALLIN1980N  10.5  12.7  16.5  21.5  24.0  24.0  23.6  23.1  22.2  19.1  14.9  11.2
ALLIN1981N  10.2  12.2  16.3  20.7  23.3  24.3  23.5  23.0  22.2  18.9  13.9  10.6
ALLIN1982N  10.8  12.3  15.5  20.0  22.5  24.1  23.7  23.1  21.9  19.0  14.8  11.2
ALLIN1983N   9.7  11.8  15.8  19.6  22.8  24.1  23.6  23.1  22.1  18.8  13.1  10.6
ALLIN1984N  10.3  11.6  16.6  20.8  23.9  24.2  23.2  22.8  21.3  18.5  13.4  10.7
ALLIN1985N  10.8  11.7  17.1  20.8  23.5  23.8  23.2  23.0  21.9  18.5  13.9  11.6
ALLIN1986N  10.2  12.5  16.5  20.6  22.7  24.1  23.6  22.9  21.9  18.8  15.0  11.2
ALLIN1987N  10.7  12.5  16.3  20.3  22.4  24.5  23.7  23.3  22.6  19.7  15.0  11.2
ALLIN1988N  10.8  12.9  16.5  20.9  23.9  24.3  23.4  23.1  22.4  18.8  14.0  11.2
ALLIN1989N   9.6  11.5  16.0  19.8  23.4  23.7  23.5  23.0  22.0  18.9  14.5  10.9
ALLIN1990N  10.6  12.8  15.7  20.0  23.2  24.3  23.5  23.2  22.2  18.8  15.1  11.4
ALLIN1991N   9.8  13.0  16.8  20.2  23.6  24.1  23.8  23.0  22.0  18.2  13.8  10.9
ALLIN1992N   9.7  11.5  16.1  20.2  22.6  24.2  23.4  22.9  21.6  18.9  14.6  10.4
ALLIN1993N  10.2  12.4  15.5  20.2  23.4  24.1  23.4  23.1  21.9  19.3  14.7  10.5
ALLIN1994N  11.4  12.3  17.0  20.1  23.7  24.3  23.5  23.2  21.6  18.6  14.6  10.4
ALLIN1995N   9.5  12.6  16.1  20.1  23.6  25.0  23.9  23.5  22.2  19.7  14.7  11.5
ALLIN1996N  11.0  12.9  17.4  20.4  23.4  24.1  23.7  23.0  22.3  19.1  14.1  10.1
ALLIN1997N   9.6  11.4  16.5  19.4  22.4  23.8  24.0  23.3  22.4  18.8  16.2  12.5
ALLIN1998N  10.9  13.0  15.9  21.1  24.3  24.9  23.9  23.7  22.8  20.4  15.9  10.6
ALLIN1999N   9.7  13.7  16.7  21.4  23.5  23.8  23.7  23.1  22.6  19.7  15.0  10.7
ALLIN2000N  10.5  12.0  15.6  21.3  23.8  23.9  23.4  23.2  22.1  19.6  15.3  10.4
ALLIN2001N   9.9  12.8  16.6  20.7  23.7  23.7  23.8  23.5  22.4  19.9  15.5  11.3
ALLIN2002N  10.6  13.0  17.3  21.5  24.2  24.4  24.5  23.3  21.9  19.3  15.0  11.5
ALLIN2003N  10.0  13.7  16.6  21.3  23.5  24.6  23.8  23.4  22.5  19.1  14.9  11.5
ALLIN2004N  10.6  12.5  17.8  21.6  23.5  23.7  23.5  23.1  22.3  18.6  14.6  11.4
ALLIN2005N  10.7  13.1  17.4  20.3  23.0  24.8  23.9  23.2  22.5  19.3  13.6  10.2
ALLIN2006N  11.0  14.3  16.8  20.9  23.8  24.1  24.0  23.2  22.4  19.9  16.0  12.0
ALLIN2007N  10.8  13.7  16.6  21.7  24.0  24.6  24.0  23.6  22.8  18.8  15.6  11.6
